47
94
58
89
14
30
23
76
86
71
78
72
25
45
87
42
94
2
39
20
46
8
66
16
77
67
67
50
72
16
59
56
57
73
24
66
76
81
14
47
91
45
34
32
78
94
31
86
54
6
23
73
19
20
46
72
59
10
31
24
88
53
54
67
50
98
80
75
70
74
10
12
82
27
68
69
93
21
82
12
47
13
83
59
84
6
12
100
28
39
100
42
66
100
51
50
17
4
99
60
36
10
17
8
20
46
27
64
6
100
58
61
60
5
86
94
57
61
40
25
41
76
31
74
10
58
57
77
99
71
36
19
1
74
80
41
46
67
1
73
18
63
88
73
97
82
3
65
31
81
39
73
64
60
100
47
53
99
46
91
68
4
32
90
75
54
59
50
97
88
9
34
67
100
60
18
81
84
25
69
91
35
72
64
9
91
67
26
44
4
15
30
15
39
14
30
95
23
81
42
2
100
29
50
2
38
61
80
80
27
39
72
29
11
53
12
12
63
53
74
41
49
74
61
19
38
46
79
34
99
19
51
57
5
64
6
64
44
61
57
14
36
11
10
16
76
40
50
79
81
45
38
45
79
54
77
80
33
6
26
24
45
73
90
71
42
28
28
33
2
31
16
41
57
27
80
85
85
44
12
17
94
53
51
92
24
95
86
77
67
33
46
96
30
10
46
42
27
96
63
73
71
8
26
41
54
81
78
25
37
97
27
33
52
14
71
41
31
39
30
99
92
20
57
51
22
63
7
72
90
37
40
69
69
66
58
38
21
34
70
73
25
93
67
4
43
28
18
21
15
65
83
90
1
51
22
81
42
79
34
7
29
37
37
25
16
65
44
85
93
31
93
58
60
95
24
13
38
87
62
45
36
81
26
88
20
74
80
92
7
36
81
40
87
74
92
20
26
26
1
15
52
9
19
66
47
19
54
59
88
94
67
25
75
38
95
96
60
65
15
88
50
98
50
57
61
31
20
13
32
83
13
47
78
2
55
3
28
21
80
96
15
72
27
13
23
62
59
6
76
58
94
52
19
84
69
3
61
18
84
76
98
29
65
92
29
14
88
35
56
3
61
95
36
24
59
81
45
68
89
51
63
92
69
10
21
52
18
82
27
92
42
9
96
56
79
48
40
6
79
52
14
66
7
47
19
80
9
26
32
54
13
41
79
17
18
51
65
71
53
59
49
61
57
34
84
49
12
66
51
80
30
5
96
20
47
72
56
56
47
36
79
17
57
56
6
4
28
28
79
82
95
59
54
31
20
30
97
42
41
38
51
60
33
20
35
88
88
41
82
1
17
99
2
68
1
36
31
57
95
8
53
87
18
39
45
18
90
33
88
99
83
14
44
1
59
38
27
78
80